99990536339
99987905597
99976658299
99974311662
99938978285
99904689266
99861963809
99845294286
99807059634
99803748393
99802335254
99801770627
99786288465
99785979138
99776743787
99672926179
99554974333
99514198047
99478391356
99473039626
99467302626
99445005261
99420575685
99410502449
99378147610
99358609752
99319455478
99307259953
99291944648
99275601275
99272161508
99241925348
99229845016
99217762645
99115883676
99100250331
99063901069
99053443481
99022808555
99022662131
99018524323
99009287608
98973094975
98957925622
98861981558
98861937890
98850646791
98844249092
98722839745
98659140422
98649976089
98627514823
98626476096
98596134379
98548263806
98545158925
98533840054
98527912956
98518649381
98508290651
98487769763
98472033309
98437998830
98416715677
98416475066
98400051901
98395101740
98336281865
98314397036
98269572896
98268965514
98253764162
98203593138
98202651678
98166254020
98162727883
98121323050
98082781436
98072939449
98065308169
98057649908
98028977660
98020727651
98006646106
98003940525
97952361004
97903083009
97886307095
97884414539
97862445979
97861055416
97860823526
97802179094
97785987616
97748234104
97738870301
97716113207
97661757443
97638827169
97603729191